09034944548
08062540328
08064875600
09076399842
07064778367
08138210698
08069041999
07032915531
08162678694
07030703037
07060538896
08161817579
07037716665
07063122836
07037774791
07063556089
07037982721
08064334404
08033319506
09066868504
09066868504
08106139440
07017958298
09075973219
07013549799
08102420924
08165047241
08068201833
08065175266
08080141103
09075193414
08188088478
07033064252
07039873770
08162326110
08139355670
07035655529
08104385683
07033635248
07031355508
08139386546
08134437585
08062540328
08037549185
07069212135
07064778367
08147656671
07032075042
09028923347
08064591000
09029174350
07035207081
08039422450
07064807857
09073569492
07015896941
08167597940
07034274549
09060279988
07030156001
08160384376
08057619945
07057619945
07058454588
07032572743
08066677823
09030894834
07066806875
07030267049
08066374021
